"GENE_FREQUENCY"	"TOTAL_NUMBER_OF_SIGNATURES_IN_CLUSTER"	"GENE_PROPORTION"	"gene"	"cluster"	"NUMBER_OF_TUMOURS"
89	148	0.601351351351351	"ATF3"	1	18
89	148	0.601351351351351	"JUN"	1	17
80	148	0.540540540540541	"NR4A1"	1	17
80	148	0.540540540540541	"IER2"	1	16
76	148	0.513513513513513	"DUSP1"	1	16
76	148	0.513513513513513	"ZFP36"	1	15
76	148	0.513513513513513	"JUNB"	1	15
75	148	0.506756756756757	"FOS"	1	15
74	148	0.5	"FOSB"	1	16
72	148	0.486486486486487	"PPP1R15A"	1	16
71	148	0.47972972972973	"KLF6"	1	17
70	148	0.472972972972973	"DNAJB1"	1	14
68	148	0.459459459459459	"EGR1"	1	18
68	148	0.459459459459459	"BTG2"	1	13
60	148	0.405405405405405	"HSPA1B"	1	14
59	148	0.398648648648649	"HSPA1A"	1	12
58	148	0.391891891891892	"RHOB"	1	14
56	148	0.378378378378378	"CLDN4"	1	16
56	148	0.378378378378378	"MAFF"	1	15
56	148	0.378378378378378	"GADD45B"	1	14
55	148	0.371621621621622	"IRF1"	1	15
55	148	0.371621621621622	"EFNA1"	1	13
54	148	0.364864864864865	"SERTAD1"	1	12
53	148	0.358108108108108	"TSC22D1"	1	11
52	148	0.351351351351351	"CEBPD"	1	14
51	148	0.344594594594595	"CCNL1"	1	16
51	148	0.344594594594595	"TRIB1"	1	14
50	148	0.337837837837838	"MYC"	1	15
49	148	0.331081081081081	"ELF3"	1	13
49	148	0.331081081081081	"LMNA"	1	12
48	148	0.324324324324324	"NFKBIA"	1	14
47	148	0.317567567567568	"TOB1"	1	11
46	148	0.310810810810811	"HSPB1"	1	14
46	148	0.310810810810811	"BRD2"	1	12
45	148	0.304054054054054	"MCL1"	1	14
44	148	0.297297297297297	"PNRC1"	1	12
43	148	0.290540540540541	"IER3"	1	15
43	148	0.290540540540541	"KLF4"	1	13
43	148	0.290540540540541	"ZFP36L2"	1	13
42	148	0.283783783783784	"SAT1"	1	11
41	148	0.277027027027027	"ZFP36L1"	1	15
41	148	0.277027027027027	"DNAJB4"	1	11
40	148	0.27027027027027	"PHLDA2"	1	13
40	148	0.27027027027027	"NEAT1"	1	12
40	148	0.27027027027027	"MAP3K8"	1	11
39	148	0.263513513513513	"GPRC5A"	1	11
39	148	0.263513513513513	"RASD1"	1	9
38	148	0.256756756756757	"NFKBIZ"	1	15
38	148	0.256756756756757	"CTD-3252C9.4"	1	11
38	148	0.256756756756757	"BAMBI"	1	10
38	148	0.256756756756757	"RND1"	1	10
37	148	0.25	"HES1"	1	14
37	148	0.25	"PIM3"	1	12
37	148	0.25	"SQSTM1"	1	11
37	148	0.25	"HSPH1"	1	8
36	148	0.243243243243243	"ZFAND5"	1	13
35	148	0.236486486486486	"AREG"	1	11
35	148	0.236486486486486	"CD55"	1	10
35	148	0.236486486486486	"CDKN1A"	1	10
35	148	0.236486486486486	"UBC"	1	9
34	148	0.22972972972973	"CLDN3"	1	12
34	148	0.22972972972973	"DDIT3"	1	9
33	148	0.222972972972973	"BHLHE40"	1	12
33	148	0.222972972972973	"BTG1"	1	12
33	148	0.222972972972973	"ANKRD37"	1	10
33	148	0.222972972972973	"SOCS3"	1	10
33	148	0.222972972972973	"NAMPT"	1	10
32	148	0.216216216216216	"SOX4"	1	13
32	148	0.216216216216216	"LDLR"	1	11
32	148	0.216216216216216	"TIPARP"	1	8
31	148	0.209459459459459	"TM4SF1"	1	11
31	148	0.209459459459459	"CSRNP1"	1	11
31	148	0.209459459459459	"GDF15"	1	9
31	148	0.209459459459459	"ZFAND2A"	1	7
30	148	0.202702702702703	"NR4A2"	1	12
30	148	0.202702702702703	"ERRFI1"	1	11
30	148	0.202702702702703	"RAB11FIP1"	1	9
30	148	0.202702702702703	"TRAF4"	1	9
29	148	0.195945945945946	"MYADM"	1	10
29	148	0.195945945945946	"ZC3H12A"	1	9
29	148	0.195945945945946	"HERPUD1"	1	9
29	148	0.195945945945946	"CKS2"	1	8
29	148	0.195945945945946	"BAG3"	1	7
28	148	0.189189189189189	"TGIF1"	1	10
28	148	0.189189189189189	"ID3"	1	9
28	148	0.189189189189189	"JUND"	1	8
27	148	0.182432432432432	"PMAIP1"	1	11
27	148	0.182432432432432	"TACSTD2"	1	10
27	148	0.182432432432432	"ETS2"	1	10
27	148	0.182432432432432	"DNAJA1"	1	9
27	148	0.182432432432432	"PDLIM3"	1	7
26	148	0.175675675675676	"KLF10"	1	11
26	148	0.175675675675676	"CYR61"	1	11
26	148	0.175675675675676	"MXD1"	1	10
26	148	0.175675675675676	"TNFAIP3"	1	9
26	148	0.175675675675676	"NCOA7"	1	7
25	148	0.168918918918919	"OVOL1"	1	10
25	148	0.168918918918919	"TSC22D3"	1	10
25	148	0.168918918918919	"HSP90AA1"	1	8
25	148	0.168918918918919	"HSPA6"	1	7
24	148	0.162162162162162	"C15orf48"	1	10
24	148	0.162162162162162	"RHOV"	1	8
24	148	0.162162162162162	"DUSP4"	1	7
24	148	0.162162162162162	"B4GALT1"	1	6
23	148	0.155405405405405	"SDC4"	1	8
23	148	0.155405405405405	"C8orf4"	1	8
23	148	0.155405405405405	"DNAJB6"	1	7
23	148	0.155405405405405	"ICAM1"	1	7
23	148	0.155405405405405	"DNAJA4"	1	6
23	148	0.155405405405405	"MRPL18"	1	6
23	148	0.155405405405405	"GRB7"	1	6
23	148	0.155405405405405	"HNRNPA0"	1	6
23	148	0.155405405405405	"BCL3"	1	6
22	148	0.148648648648649	"DUSP10"	1	9
22	148	0.148648648648649	"EDN1"	1	9
22	148	0.148648648648649	"FHL2"	1	9
22	148	0.148648648648649	"CXCL2"	1	8
22	148	0.148648648648649	"TNFRSF12A"	1	8
22	148	0.148648648648649	"S100P"	1	7
22	148	0.148648648648649	"HSPB8"	1	7
21	148	0.141891891891892	"INSIG1"	1	8
21	148	0.141891891891892	"PLK3"	1	8
21	148	0.141891891891892	"EZR"	1	8
21	148	0.141891891891892	"IGFBP5"	1	8
21	148	0.141891891891892	"SLC38A2"	1	8
21	148	0.141891891891892	"DNAJB9"	1	8
21	148	0.141891891891892	"H3F3B"	1	7
20	148	0.135135135135135	"TPM4"	1	10
20	148	0.135135135135135	"TNFSF10"	1	9
20	148	0.135135135135135	"RSRP1"	1	9
20	148	0.135135135135135	"ARL5B"	1	8
20	148	0.135135135135135	"ATP1B1"	1	7
20	148	0.135135135135135	"HSPA8"	1	7
20	148	0.135135135135135	"IER5"	1	6
20	148	0.135135135135135	"SCGB2A1"	1	6
20	148	0.135135135135135	"YPEL2"	1	6
20	148	0.135135135135135	"TMC5"	1	5
20	148	0.135135135135135	"FBXO32"	1	5
19	148	0.128378378378378	"MAP1LC3B"	1	10
19	148	0.128378378378378	"MIDN"	1	8
19	148	0.128378378378378	"GADD45G"	1	8
19	148	0.128378378378378	"VMP1"	1	7
19	148	0.128378378378378	"HSPA5"	1	7
19	148	0.128378378378378	"SCGB2A2"	1	7
19	148	0.128378378378378	"TUBA1A"	1	7
19	148	0.128378378378378	"WEE1"	1	6
19	148	0.128378378378378	"PDK4"	1	6
18	148	0.121621621621622	"STAT3"	1	10
18	148	0.121621621621622	"PERP"	1	9
18	148	0.121621621621622	"RBBP6"	1	9
18	148	0.121621621621622	"KCNQ1OT1"	1	9
18	148	0.121621621621622	"OSER1"	1	7
18	148	0.121621621621622	"SERP1"	1	7
18	148	0.121621621621622	"UBE2B"	1	7
18	148	0.121621621621622	"HSPE1"	1	6
18	148	0.121621621621622	"SOX9"	1	6
18	148	0.121621621621622	"MLF1"	1	6
18	148	0.121621621621622	"UBB"	1	6
18	148	0.121621621621622	"MDK"	1	6
18	148	0.121621621621622	"YPEL5"	1	5
17	148	0.114864864864865	"HMGCS1"	1	9
17	148	0.114864864864865	"PTP4A1"	1	9
17	148	0.114864864864865	"WSB1"	1	8
17	148	0.114864864864865	"CEBPB"	1	8
17	148	0.114864864864865	"EIF4A2"	1	8
17	148	0.114864864864865	"S100A10"	1	8
17	148	0.114864864864865	"ELMSAN1"	1	8
17	148	0.114864864864865	"ISG15"	1	7
17	148	0.114864864864865	"CCNI"	1	7
17	148	0.114864864864865	"CLU"	1	7
17	148	0.114864864864865	"TIMP3"	1	7
17	148	0.114864864864865	"ARL4A"	1	6
17	148	0.114864864864865	"SERPINH1"	1	6
17	148	0.114864864864865	"SCGB1D2"	1	6
17	148	0.114864864864865	"UGDH"	1	6
17	148	0.114864864864865	"FUS"	1	5
16	148	0.108108108108108	"BAG1"	1	9
16	148	0.108108108108108	"IFRD1"	1	8
16	148	0.108108108108108	"TFF1"	1	7
16	148	0.108108108108108	"SERTAD3"	1	7
16	148	0.108108108108108	"IGFBP4"	1	7
16	148	0.108108108108108	"TPM1"	1	7
16	148	0.108108108108108	"PKIB"	1	6
16	148	0.108108108108108	"MALAT1"	1	6
16	148	0.108108108108108	"XBP1"	1	6
16	148	0.108108108108108	"HEBP2"	1	6
16	148	0.108108108108108	"GEM"	1	6
16	148	0.108108108108108	"EGR2"	1	6
16	148	0.108108108108108	"ID2"	1	6
16	148	0.108108108108108	"EGR3"	1	6
16	148	0.108108108108108	"HSPD1"	1	5
15	148	0.101351351351351	"GLUL"	1	8
15	148	0.101351351351351	"DDIT4"	1	8
15	148	0.101351351351351	"CDC42EP1"	1	7
15	148	0.101351351351351	"RBM39"	1	7
15	148	0.101351351351351	"MT-ND5"	1	7
15	148	0.101351351351351	"CSNK1A1"	1	6
15	148	0.101351351351351	"SLC25A25"	1	6
15	148	0.101351351351351	"PEG10"	1	6
15	148	0.101351351351351	"DEDD2"	1	4
22	99	0.222222222222222	"AZGP1"	2	7
20	99	0.202020202020202	"ATP5C1"	2	9
20	99	0.202020202020202	"ATP5F1"	2	8
20	99	0.202020202020202	"NHP2"	2	7
20	99	0.202020202020202	"MGP"	2	7
19	99	0.191919191919192	"RPN2"	2	9
19	99	0.191919191919192	"C14orf2"	2	8
19	99	0.191919191919192	"NQO1"	2	7
18	99	0.181818181818182	"REEP5"	2	5
17	99	0.171717171717172	"SSR2"	2	8
17	99	0.171717171717172	"NDUFA8"	2	8
17	99	0.171717171717172	"ATP5E"	2	8
17	99	0.171717171717172	"SH3BGRL"	2	7
17	99	0.171717171717172	"PIP"	2	6
17	99	0.171717171717172	"PRDX2"	2	6
17	99	0.171717171717172	"RAB25"	2	6
16	99	0.161616161616162	"EIF3L"	2	9
16	99	0.161616161616162	"PRDX1"	2	9
16	99	0.161616161616162	"USMG5"	2	8
16	99	0.161616161616162	"DAD1"	2	8
16	99	0.161616161616162	"SEC61G"	2	7
16	99	0.161616161616162	"CCT3"	2	7
16	99	0.161616161616162	"NDUFA4"	2	7
16	99	0.161616161616162	"APOD"	2	6
16	99	0.161616161616162	"CHCHD10"	2	6
16	99	0.161616161616162	"DDIT4"	2	6
16	99	0.161616161616162	"MRPL24"	2	5
16	99	0.161616161616162	"NME1"	2	5
15	99	0.151515151515152	"DCXR"	2	9
15	99	0.151515151515152	"NDUFAB1"	2	7
15	99	0.151515151515152	"ATP5A1"	2	7
15	99	0.151515151515152	"ATP5B"	2	7
15	99	0.151515151515152	"ATOX1"	2	6
15	99	0.151515151515152	"SLC50A1"	2	6
15	99	0.151515151515152	"POLR2I"	2	6
15	99	0.151515151515152	"TIMM8B"	2	5
15	99	0.151515151515152	"VPS29"	2	5
15	99	0.151515151515152	"TIMP1"	2	5
15	99	0.151515151515152	"AHCY"	2	5
14	99	0.141414141414141	"PRDX3"	2	8
14	99	0.141414141414141	"RBM3"	2	7
14	99	0.141414141414141	"GSTM3"	2	7
14	99	0.141414141414141	"ABRACL"	2	6
14	99	0.141414141414141	"RBX1"	2	6
14	99	0.141414141414141	"PAFAH1B3"	2	6
14	99	0.141414141414141	"AP1S1"	2	6
14	99	0.141414141414141	"RPL34"	2	5
14	99	0.141414141414141	"ATPIF1"	2	5
14	99	0.141414141414141	"PGD"	2	5
14	99	0.141414141414141	"CANX"	2	4
14	99	0.141414141414141	"SELENBP1"	2	4
13	99	0.131313131313131	"ATP5J"	2	9
13	99	0.131313131313131	"PSME2"	2	8
13	99	0.131313131313131	"PSME1"	2	8
13	99	0.131313131313131	"SDHC"	2	7
13	99	0.131313131313131	"AKR1A1"	2	7
13	99	0.131313131313131	"GSTP1"	2	7
13	99	0.131313131313131	"RARRES3"	2	6
13	99	0.131313131313131	"ISCU"	2	6
13	99	0.131313131313131	"NPM1"	2	6
13	99	0.131313131313131	"SPDEF"	2	6
13	99	0.131313131313131	"BLVRB"	2	6
13	99	0.131313131313131	"NDUFB3"	2	6
13	99	0.131313131313131	"RPL36A"	2	5
13	99	0.131313131313131	"MDH1"	2	5
13	99	0.131313131313131	"MYEOV2"	2	5
13	99	0.131313131313131	"MAGED2"	2	5
13	99	0.131313131313131	"CRIP2"	2	5
13	99	0.131313131313131	"SEC11C"	2	4
13	99	0.131313131313131	"CD151"	2	4
13	99	0.131313131313131	"COPE"	2	4
13	99	0.131313131313131	"PFN2"	2	4
13	99	0.131313131313131	"ALDH2"	2	2
12	99	0.121212121212121	"SNRPD2"	2	7
12	99	0.121212121212121	"TSTD1"	2	7
12	99	0.121212121212121	"RPL13A"	2	7
12	99	0.121212121212121	"HIGD2A"	2	7
12	99	0.121212121212121	"NDUFC1"	2	7
12	99	0.121212121212121	"PYCARD"	2	7
12	99	0.121212121212121	"FIS1"	2	6
12	99	0.121212121212121	"ITM2B"	2	6
12	99	0.121212121212121	"PSMB3"	2	6
12	99	0.121212121212121	"G6PD"	2	6
12	99	0.121212121212121	"CST3"	2	6
12	99	0.121212121212121	"SH3BGRL3"	2	6
12	99	0.121212121212121	"TAGLN2"	2	5
12	99	0.121212121212121	"NDUFA1"	2	5
12	99	0.121212121212121	"TMEM183A"	2	5
12	99	0.121212121212121	"S100A10"	2	5
12	99	0.121212121212121	"NGFRAP1"	2	5
12	99	0.121212121212121	"DEGS2"	2	5
12	99	0.121212121212121	"ARPC5"	2	4
12	99	0.121212121212121	"TM7SF2"	2	4
12	99	0.121212121212121	"RPS10"	2	4
12	99	0.121212121212121	"LAMTOR5"	2	4
12	99	0.121212121212121	"TMEM256"	2	4
12	99	0.121212121212121	"UQCRB"	2	4
12	99	0.121212121212121	"TMEM141"	2	4
12	99	0.121212121212121	"KRTCAP2"	2	3
12	99	0.121212121212121	"HM13"	2	3
11	99	0.111111111111111	"NDUFS6"	2	7
11	99	0.111111111111111	"PARK7"	2	7
11	99	0.111111111111111	"PSMD4"	2	7
11	99	0.111111111111111	"NDUFB11"	2	7
11	99	0.111111111111111	"TOMM7"	2	7
11	99	0.111111111111111	"EIF6"	2	7
11	99	0.111111111111111	"UQCRHL"	2	7
11	99	0.111111111111111	"ADI1"	2	7
11	99	0.111111111111111	"VDAC1"	2	6
11	99	0.111111111111111	"C9orf16"	2	6
11	99	0.111111111111111	"ETFA"	2	6
11	99	0.111111111111111	"LSM3"	2	6
11	99	0.111111111111111	"UQCRH"	2	6
11	99	0.111111111111111	"CYB5A"	2	6
11	99	0.111111111111111	"SNRPE"	2	5
11	99	0.111111111111111	"BSG"	2	5
11	99	0.111111111111111	"SSR3"	2	5
11	99	0.111111111111111	"DPM3"	2	5
11	99	0.111111111111111	"LAMTOR4"	2	5
11	99	0.111111111111111	"RPS11"	2	5
11	99	0.111111111111111	"FAM195A"	2	5
11	99	0.111111111111111	"TMEM261"	2	5
11	99	0.111111111111111	"ATP5I"	2	5
11	99	0.111111111111111	"EIF5A"	2	5
11	99	0.111111111111111	"PIN4"	2	5
11	99	0.111111111111111	"ATXN10"	2	5
11	99	0.111111111111111	"ATP5G3"	2	5
11	99	0.111111111111111	"ARPC3"	2	5
11	99	0.111111111111111	"UBA52"	2	5
11	99	0.111111111111111	"BEX4"	2	5
11	99	0.111111111111111	"ROMO1"	2	4
11	99	0.111111111111111	"SLC25A6"	2	4
11	99	0.111111111111111	"SDCBP"	2	4
11	99	0.111111111111111	"EIF4EBP1"	2	4
11	99	0.111111111111111	"PFDN6"	2	4
11	99	0.111111111111111	"PSMA3"	2	4
11	99	0.111111111111111	"RNF7"	2	4
11	99	0.111111111111111	"SPCS2"	2	4
11	99	0.111111111111111	"CYSTM1"	2	4
11	99	0.111111111111111	"CAPG"	2	4
11	99	0.111111111111111	"CD9"	2	4
11	99	0.111111111111111	"GRHPR"	2	4
11	99	0.111111111111111	"SEPP1"	2	3
11	99	0.111111111111111	"ESF1"	2	3
11	99	0.111111111111111	"TFF3"	2	3
11	99	0.111111111111111	"ARPC1B"	2	3
11	99	0.111111111111111	"ANXA5"	2	3
11	99	0.111111111111111	"WDR83OS"	2	3
10	99	0.101010101010101	"LYPLA1"	2	9
10	99	0.101010101010101	"COMT"	2	7
10	99	0.101010101010101	"MDH2"	2	7
10	99	0.101010101010101	"DNPH1"	2	7
10	99	0.101010101010101	"RAB13"	2	7
10	99	0.101010101010101	"EIF3K"	2	7
10	99	0.101010101010101	"PTGR1"	2	7
10	99	0.101010101010101	"LGALS3"	2	7
10	99	0.101010101010101	"TPI1"	2	6
10	99	0.101010101010101	"COPZ1"	2	6
10	99	0.101010101010101	"LDHA"	2	6
10	99	0.101010101010101	"PSMD8"	2	6
10	99	0.101010101010101	"EIF2S3"	2	6
10	99	0.101010101010101	"NME3"	2	6
10	99	0.101010101010101	"EIF3E"	2	6
10	99	0.101010101010101	"MRPL13"	2	6
10	99	0.101010101010101	"ZFAND6"	2	6
10	99	0.101010101010101	"FAM162A"	2	6
10	99	0.101010101010101	"ATP6V0E1"	2	6
10	99	0.101010101010101	"TMED10"	2	6
10	99	0.101010101010101	"HNRNPA3"	2	6
10	99	0.101010101010101	"PPA1"	2	6
10	99	0.101010101010101	"SNX17"	2	6
10	99	0.101010101010101	"APOA1BP"	2	5
10	99	0.101010101010101	"TUFM"	2	5
10	99	0.101010101010101	"ECHS1"	2	5
10	99	0.101010101010101	"GLTSCR2"	2	5
10	99	0.101010101010101	"RPS27L"	2	5
10	99	0.101010101010101	"NDUFB1"	2	5
10	99	0.101010101010101	"SSBP1"	2	5
10	99	0.101010101010101	"PRDX6"	2	5
10	99	0.101010101010101	"ENO1"	2	5
10	99	0.101010101010101	"PPP4C"	2	5
10	99	0.101010101010101	"COA3"	2	5
10	99	0.101010101010101	"TCEAL4"	2	5
10	99	0.101010101010101	"MRPL54"	2	5
10	99	0.101010101010101	"LAMTOR2"	2	5
10	99	0.101010101010101	"PAIP2"	2	4
10	99	0.101010101010101	"DAP"	2	4
10	99	0.101010101010101	"RPL22L1"	2	4
10	99	0.101010101010101	"C6orf203"	2	4
10	99	0.101010101010101	"TECR"	2	4
10	99	0.101010101010101	"PEBP1"	2	4
10	99	0.101010101010101	"TMED9"	2	4
10	99	0.101010101010101	"ATP6V1F"	2	4
10	99	0.101010101010101	"ESD"	2	4
10	99	0.101010101010101	"EIF3I"	2	4
10	99	0.101010101010101	"SCO2"	2	4
10	99	0.101010101010101	"ATP5D"	2	4
10	99	0.101010101010101	"UAP1"	2	4
10	99	0.101010101010101	"TMEM258"	2	3
10	99	0.101010101010101	"COX17"	2	3
47	71	0.661971830985915	"HLA-B"	3	14
44	71	0.619718309859155	"HLA-A"	3	13
41	71	0.577464788732394	"VIM"	3	10
39	71	0.549295774647887	"CD74"	3	12
34	71	0.47887323943662	"SRGN"	3	13
33	71	0.464788732394366	"HLA-C"	3	12
32	71	0.450704225352113	"IFI27"	3	11
31	71	0.436619718309859	"HLA-E"	3	11
31	71	0.436619718309859	"IFITM1"	3	10
30	71	0.422535211267606	"PSMB9"	3	12
30	71	0.422535211267606	"RGCC"	3	12
30	71	0.422535211267606	"S100A4"	3	12
28	71	0.394366197183099	"HLA-DRA"	3	10
27	71	0.380281690140845	"ISG15"	3	12
27	71	0.380281690140845	"IL32"	3	11
27	71	0.380281690140845	"SPARC"	3	10
27	71	0.380281690140845	"TAGLN"	3	9
27	71	0.380281690140845	"IFITM3"	3	8
27	71	0.380281690140845	"IFITM2"	3	8
26	71	0.366197183098592	"IGFBP7"	3	9
26	71	0.366197183098592	"CALD1"	3	8
25	71	0.352112676056338	"HLA-DPB1"	3	9
25	71	0.352112676056338	"HLA-DPA1"	3	8
25	71	0.352112676056338	"B2M"	3	8
25	71	0.352112676056338	"TIMP1"	3	7
24	71	0.338028169014085	"RGS1"	3	11
24	71	0.338028169014085	"FN1"	3	8
24	71	0.338028169014085	"ACTA2"	3	7
23	71	0.323943661971831	"HLA-DRB1"	3	9
23	71	0.323943661971831	"SERPING1"	3	8
22	71	0.309859154929577	"ANXA1"	3	9
22	71	0.309859154929577	"TPM2"	3	7
22	71	0.309859154929577	"TMSB4X"	3	5
21	71	0.295774647887324	"CD69"	3	11
21	71	0.295774647887324	"CCL4"	3	10
20	71	0.28169014084507	"LAPTM5"	3	11
20	71	0.28169014084507	"GSN"	3	9
20	71	0.28169014084507	"APOE"	3	9
20	71	0.28169014084507	"STAT1"	3	8
20	71	0.28169014084507	"SPARCL1"	3	6
19	71	0.267605633802817	"IFI6"	3	10
19	71	0.267605633802817	"DUSP1"	3	10
18	71	0.253521126760563	"CXCR4"	3	10
18	71	0.253521126760563	"CCL5"	3	9
18	71	0.253521126760563	"UBE2L6"	3	8
18	71	0.253521126760563	"MYL9"	3	8
18	71	0.253521126760563	"SLC2A3"	3	8
18	71	0.253521126760563	"BST2"	3	7
18	71	0.253521126760563	"CAV1"	3	6
17	71	0.23943661971831	"CD52"	3	10
17	71	0.23943661971831	"ZFP36L2"	3	9
17	71	0.23943661971831	"HLA-DQB1"	3	8
17	71	0.23943661971831	"PDLIM1"	3	8
17	71	0.23943661971831	"TNFAIP3"	3	8
17	71	0.23943661971831	"CORO1A"	3	8
17	71	0.23943661971831	"RARRES3"	3	7
17	71	0.23943661971831	"TYMP"	3	6
17	71	0.23943661971831	"C1S"	3	6
17	71	0.23943661971831	"PTRF"	3	6
16	71	0.225352112676056	"PSME2"	3	10
16	71	0.225352112676056	"CYTIP"	3	9
16	71	0.225352112676056	"COL1A1"	3	9
16	71	0.225352112676056	"PSMB8"	3	8
16	71	0.225352112676056	"NNMT"	3	8
16	71	0.225352112676056	"HLA-DQA1"	3	8
16	71	0.225352112676056	"DUSP2"	3	8
16	71	0.225352112676056	"COL1A2"	3	8
16	71	0.225352112676056	"ARHGDIB"	3	8
16	71	0.225352112676056	"COL6A2"	3	7
16	71	0.225352112676056	"FOS"	3	7
16	71	0.225352112676056	"CCL2"	3	6
16	71	0.225352112676056	"BGN"	3	6
16	71	0.225352112676056	"ID3"	3	4
15	71	0.211267605633803	"TUBA1A"	3	8
15	71	0.211267605633803	"RAC2"	3	8
15	71	0.211267605633803	"LBH"	3	8
15	71	0.211267605633803	"HLA-DRB5"	3	7
15	71	0.211267605633803	"FCER1G"	3	7
15	71	0.211267605633803	"GBP1"	3	7
15	71	0.211267605633803	"C1QA"	3	7
15	71	0.211267605633803	"COTL1"	3	7
15	71	0.211267605633803	"LUM"	3	7
15	71	0.211267605633803	"MYL6"	3	5
15	71	0.211267605633803	"GBP2"	3	5
14	71	0.197183098591549	"BTG1"	3	10
14	71	0.197183098591549	"CD37"	3	9
14	71	0.197183098591549	"HCST"	3	9
14	71	0.197183098591549	"LIMD2"	3	8
14	71	0.197183098591549	"IFIT3"	3	8
14	71	0.197183098591549	"IL7R"	3	8
14	71	0.197183098591549	"PTPRC"	3	8
14	71	0.197183098591549	"NKG7"	3	8
14	71	0.197183098591549	"FYB"	3	8
14	71	0.197183098591549	"TAP1"	3	7
14	71	0.197183098591549	"LTB"	3	7
14	71	0.197183098591549	"S100A6"	3	7
14	71	0.197183098591549	"COL3A1"	3	7
14	71	0.197183098591549	"EMP3"	3	7
14	71	0.197183098591549	"A2M"	3	6
14	71	0.197183098591549	"JUNB"	3	6
14	71	0.197183098591549	"TPM1"	3	5
14	71	0.197183098591549	"FABP4"	3	4
13	71	0.183098591549296	"TXNIP"	3	9
13	71	0.183098591549296	"SAT1"	3	8
13	71	0.183098591549296	"FXYD5"	3	8
13	71	0.183098591549296	"CD3E"	3	8
13	71	0.183098591549296	"HLA-DMA"	3	7
13	71	0.183098591549296	"CTSC"	3	7
13	71	0.183098591549296	"TSC22D3"	3	7
13	71	0.183098591549296	"MYL12A"	3	6
13	71	0.183098591549296	"CST3"	3	6
13	71	0.183098591549296	"CNN2"	3	6
13	71	0.183098591549296	"PHLDA1"	3	6
13	71	0.183098591549296	"LYZ"	3	6
13	71	0.183098591549296	"IFI44L"	3	6
13	71	0.183098591549296	"MARCKS"	3	6
13	71	0.183098591549296	"ID1"	3	6
13	71	0.183098591549296	"DCN"	3	6
13	71	0.183098591549296	"TGFBI"	3	5
13	71	0.183098591549296	"BIRC3"	3	5
13	71	0.183098591549296	"THY1"	3	5
13	71	0.183098591549296	"LGALS1"	3	4
12	71	0.169014084507042	"GPX1"	3	7
12	71	0.169014084507042	"C1QB"	3	7
12	71	0.169014084507042	"CD2"	3	7
12	71	0.169014084507042	"CST7"	3	7
12	71	0.169014084507042	"COL6A3"	3	7
12	71	0.169014084507042	"ACAP1"	3	7
12	71	0.169014084507042	"IFI16"	3	7
12	71	0.169014084507042	"ITM2B"	3	6
12	71	0.169014084507042	"POSTN"	3	6
12	71	0.169014084507042	"LDHB"	3	6
12	71	0.169014084507042	"FLNA"	3	5
12	71	0.169014084507042	"FILIP1L"	3	5
12	71	0.169014084507042	"CDKN1A"	3	5
12	71	0.169014084507042	"IRF1"	3	5
12	71	0.169014084507042	"LGALS3"	3	4
12	71	0.169014084507042	"SERPINH1"	3	4
12	71	0.169014084507042	"EFEMP1"	3	4
11	71	0.154929577464789	"PSME1"	3	8
11	71	0.154929577464789	"SH3BGRL3"	3	7
11	71	0.154929577464789	"IL2RG"	3	7
11	71	0.154929577464789	"CD3D"	3	7
11	71	0.154929577464789	"SFRP2"	3	7
11	71	0.154929577464789	"TIMP3"	3	7
11	71	0.154929577464789	"ALOX5AP"	3	7
11	71	0.154929577464789	"GMFG"	3	7
11	71	0.154929577464789	"CYBA"	3	6
11	71	0.154929577464789	"TAGLN2"	3	6
11	71	0.154929577464789	"LAP3"	3	6
11	71	0.154929577464789	"RGS2"	3	6
11	71	0.154929577464789	"CLEC2B"	3	6
11	71	0.154929577464789	"TRBC2"	3	6
11	71	0.154929577464789	"NR4A2"	3	6
11	71	0.154929577464789	"S100A8"	3	5
11	71	0.154929577464789	"PSMB10"	3	5
11	71	0.154929577464789	"OPTN"	3	5
11	71	0.154929577464789	"CTSB"	3	5
11	71	0.154929577464789	"FTL"	3	5
11	71	0.154929577464789	"KRT17"	3	5
11	71	0.154929577464789	"AREG"	3	5
11	71	0.154929577464789	"MYH9"	3	5
11	71	0.154929577464789	"MMP7"	3	5
11	71	0.154929577464789	"COL6A1"	3	5
11	71	0.154929577464789	"GZMA"	3	5
11	71	0.154929577464789	"RNASE1"	3	5
11	71	0.154929577464789	"PCOLCE"	3	5
11	71	0.154929577464789	"PTN"	3	4
11	71	0.154929577464789	"PYCARD"	3	4
11	71	0.154929577464789	"ARPC2"	3	4
11	71	0.154929577464789	"SGK1"	3	4
11	71	0.154929577464789	"COL18A1"	3	4
11	71	0.154929577464789	"GSTP1"	3	4
11	71	0.154929577464789	"NPC2"	3	4
11	71	0.154929577464789	"SOD3"	3	4
11	71	0.154929577464789	"MFGE8"	3	3
11	71	0.154929577464789	"COL4A1"	3	3
11	71	0.154929577464789	"ADIRF"	3	2
10	71	0.140845070422535	"HLA-F"	3	7
10	71	0.140845070422535	"CD7"	3	7
10	71	0.140845070422535	"APOC1"	3	6
10	71	0.140845070422535	"TYROBP"	3	6
10	71	0.140845070422535	"C1QC"	3	6
10	71	0.140845070422535	"TAPBP"	3	6
10	71	0.140845070422535	"STK4"	3	6
10	71	0.140845070422535	"RHOH"	3	6
10	71	0.140845070422535	"RNF213"	3	6
10	71	0.140845070422535	"SOD2"	3	5
10	71	0.140845070422535	"TPM4"	3	5
10	71	0.140845070422535	"CALM1"	3	5
10	71	0.140845070422535	"CTGF"	3	5
10	71	0.140845070422535	"PNRC1"	3	5
10	71	0.140845070422535	"CD27"	3	5
10	71	0.140845070422535	"CD3G"	3	5
10	71	0.140845070422535	"PRKCDBP"	3	5
10	71	0.140845070422535	"PARP14"	3	5
10	71	0.140845070422535	"IGKC"	3	5
10	71	0.140845070422535	"IGFBP5"	3	5
10	71	0.140845070422535	"IFIT1"	3	4
10	71	0.140845070422535	"LY6E"	3	4
53	76	0.697368421052632	"STMN1"	4	11
51	76	0.671052631578947	"H2AFZ"	4	11
50	76	0.657894736842105	"UBE2C"	4	12
50	76	0.657894736842105	"TUBA1B"	4	11
49	76	0.644736842105263	"BIRC5"	4	11
45	76	0.592105263157895	"HMGB2"	4	11
44	76	0.578947368421053	"ZWINT"	4	11
44	76	0.578947368421053	"TUBB"	4	11
44	76	0.578947368421053	"HMGB1"	4	10
44	76	0.578947368421053	"DEK"	4	9
43	76	0.565789473684211	"CDK1"	4	12
43	76	0.565789473684211	"HMGN2"	4	10
42	76	0.552631578947368	"UBE2T"	4	11
42	76	0.552631578947368	"TK1"	4	11
42	76	0.552631578947368	"RRM2"	4	10
42	76	0.552631578947368	"RANBP1"	4	10
42	76	0.552631578947368	"TYMS"	4	9
41	76	0.539473684210526	"CENPW"	4	10
40	76	0.526315789473684	"MAD2L1"	4	11
39	76	0.513157894736842	"CKS2"	4	9
38	76	0.5	"CKS1B"	4	12
37	76	0.486842105263158	"NUSAP1"	4	11
37	76	0.486842105263158	"TUBA1C"	4	10
37	76	0.486842105263158	"PTTG1"	4	10
37	76	0.486842105263158	"KPNA2"	4	10
37	76	0.486842105263158	"PCNA"	4	9
36	76	0.473684210526316	"CENPF"	4	10
36	76	0.473684210526316	"HIST1H4C"	4	8
35	76	0.460526315789474	"CDKN3"	4	11
35	76	0.460526315789474	"UBE2S"	4	9
34	76	0.447368421052632	"CCNB1"	4	10
34	76	0.447368421052632	"HMGA1"	4	5
33	76	0.434210526315789	"DTYMK"	4	9
33	76	0.434210526315789	"SNRPB"	4	7
32	76	0.421052631578947	"CDC20"	4	9
32	76	0.421052631578947	"NASP"	4	7
31	76	0.407894736842105	"MCM7"	4	9
31	76	0.407894736842105	"PLP2"	4	9
31	76	0.407894736842105	"TUBB4B"	4	8
30	76	0.394736842105263	"PLK1"	4	10
30	76	0.394736842105263	"CCNB2"	4	9
30	76	0.394736842105263	"MKI67"	4	9
30	76	0.394736842105263	"TOP2A"	4	8
30	76	0.394736842105263	"TPX2"	4	7
29	76	0.381578947368421	"PKMYT1"	4	10
29	76	0.381578947368421	"PRC1"	4	10
29	76	0.381578947368421	"SMC4"	4	10
29	76	0.381578947368421	"CENPU"	4	7
29	76	0.381578947368421	"RAN"	4	7
29	76	0.381578947368421	"DUT"	4	7
29	76	0.381578947368421	"PA2G4"	4	7
29	76	0.381578947368421	"BUB3"	4	7
28	76	0.368421052631579	"RAD21"	4	10
28	76	0.368421052631579	"SPC25"	4	10
28	76	0.368421052631579	"HN1"	4	9
28	76	0.368421052631579	"CDCA3"	4	9
28	76	0.368421052631579	"H2AFV"	4	8
28	76	0.368421052631579	"HNRNPA2B1"	4	8
27	76	0.355263157894737	"CCNA2"	4	10
27	76	0.355263157894737	"PBK"	4	9
27	76	0.355263157894737	"LSM5"	4	7
27	76	0.355263157894737	"DNAJC9"	4	6
26	76	0.342105263157895	"RPA3"	4	9
26	76	0.342105263157895	"TMPO"	4	9
26	76	0.342105263157895	"SNRPD1"	4	6
25	76	0.328947368421053	"CENPA"	4	10
25	76	0.328947368421053	"KIF20B"	4	9
25	76	0.328947368421053	"USP1"	4	8
25	76	0.328947368421053	"H2AFX"	4	5
25	76	0.328947368421053	"PPM1G"	4	5
24	76	0.315789473684211	"NUF2"	4	10
24	76	0.315789473684211	"SNRPG"	4	9
24	76	0.315789473684211	"KIF22"	4	9
24	76	0.315789473684211	"KIAA0101"	4	8
24	76	0.315789473684211	"DEPDC1"	4	8
24	76	0.315789473684211	"RNASEH2A"	4	8
24	76	0.315789473684211	"MT2A"	4	7
24	76	0.315789473684211	"STRA13"	4	6
24	76	0.315789473684211	"ANLN"	4	6
24	76	0.315789473684211	"CACYBP"	4	5
24	76	0.315789473684211	"NCL"	4	5
23	76	0.302631578947368	"NUDT1"	4	9
23	76	0.302631578947368	"ECT2"	4	9
23	76	0.302631578947368	"LSM4"	4	7
23	76	0.302631578947368	"ASF1B"	4	7
23	76	0.302631578947368	"CENPN"	4	7
23	76	0.302631578947368	"TMEM106C"	4	6
23	76	0.302631578947368	"CCT5"	4	5
23	76	0.302631578947368	"HSPA8"	4	4
22	76	0.289473684210526	"HMMR"	4	9
22	76	0.289473684210526	"SRSF3"	4	9
22	76	0.289473684210526	"AURKB"	4	9
22	76	0.289473684210526	"GGH"	4	8
22	76	0.289473684210526	"AURKA"	4	8
22	76	0.289473684210526	"TRIP13"	4	7
22	76	0.289473684210526	"CDCA8"	4	7
22	76	0.289473684210526	"HMGB3"	4	7
22	76	0.289473684210526	"HNRNPAB"	4	6
21	76	0.276315789473684	"FAM83D"	4	9
21	76	0.276315789473684	"CDC25B"	4	8
21	76	0.276315789473684	"GGCT"	4	8
21	76	0.276315789473684	"KNSTRN"	4	8
21	76	0.276315789473684	"CCT6A"	4	7
21	76	0.276315789473684	"PTGES3"	4	6
21	76	0.276315789473684	"ANP32E"	4	5
20	76	0.263157894736842	"CENPK"	4	7
20	76	0.263157894736842	"MCM3"	4	7
20	76	0.263157894736842	"DDX21"	4	5
20	76	0.263157894736842	"HSPD1"	4	3
19	76	0.25	"SKA2"	4	9
19	76	0.25	"CALM2"	4	8
19	76	0.25	"UHRF1"	4	7
19	76	0.25	"HINT1"	4	7
19	76	0.25	"ORC6"	4	7
19	76	0.25	"MZT1"	4	7
19	76	0.25	"MIS18BP1"	4	6
19	76	0.25	"WDR34"	4	5
19	76	0.25	"NAP1L1"	4	5
19	76	0.25	"TEX30"	4	5
19	76	0.25	"SFN"	4	4
19	76	0.25	"HSPE1"	4	4
18	76	0.236842105263158	"CENPM"	4	9
18	76	0.236842105263158	"TROAP"	4	8
18	76	0.236842105263158	"CDCA5"	4	8
18	76	0.236842105263158	"RACGAP1"	4	8
18	76	0.236842105263158	"SLC25A5"	4	7
18	76	0.236842105263158	"ATAD2"	4	6
18	76	0.236842105263158	"DBF4"	4	6
18	76	0.236842105263158	"KIF23"	4	6
18	76	0.236842105263158	"CEP55"	4	5
18	76	0.236842105263158	"SIVA1"	4	5
18	76	0.236842105263158	"SAC3D1"	4	5
18	76	0.236842105263158	"PSIP1"	4	5
18	76	0.236842105263158	"CLSPN"	4	4
18	76	0.236842105263158	"CCT2"	4	3
17	76	0.223684210526316	"DLGAP5"	4	8
17	76	0.223684210526316	"PSMA4"	4	8
17	76	0.223684210526316	"SMC2"	4	8
17	76	0.223684210526316	"AP2S1"	4	7
17	76	0.223684210526316	"RAD51AP1"	4	7
17	76	0.223684210526316	"MND1"	4	7
17	76	0.223684210526316	"ILF2"	4	6
17	76	0.223684210526316	"DNMT1"	4	6
17	76	0.223684210526316	"NUCKS1"	4	6
17	76	0.223684210526316	"LMNB1"	4	5
17	76	0.223684210526316	"RFC4"	4	5
17	76	0.223684210526316	"EIF5A"	4	4
17	76	0.223684210526316	"NPM3"	4	4
16	76	0.210526315789474	"ARL6IP1"	4	9
16	76	0.210526315789474	"ASPM"	4	9
16	76	0.210526315789474	"GTSE1"	4	7
16	76	0.210526315789474	"TOMM40"	4	6
16	76	0.210526315789474	"HNRNPA1"	4	6
16	76	0.210526315789474	"GMNN"	4	6
16	76	0.210526315789474	"FEN1"	4	5
16	76	0.210526315789474	"CDCA7"	4	5
16	76	0.210526315789474	"SLBP"	4	4
16	76	0.210526315789474	"TNFRSF12A"	4	4
16	76	0.210526315789474	"TM4SF1"	4	2
15	76	0.197368421052632	"CKAP2"	4	7
15	76	0.197368421052632	"CENPE"	4	7
15	76	0.197368421052632	"SRP9"	4	7
15	76	0.197368421052632	"DDX39A"	4	6
15	76	0.197368421052632	"COMMD4"	4	6
15	76	0.197368421052632	"RBM8A"	4	6
15	76	0.197368421052632	"CALM3"	4	6
15	76	0.197368421052632	"RRM1"	4	6
15	76	0.197368421052632	"ENO1"	4	5
15	76	0.197368421052632	"ANP32B"	4	5
15	76	0.197368421052632	"SRSF7"	4	5
15	76	0.197368421052632	"FAM96A"	4	5
15	76	0.197368421052632	"TPRKB"	4	5
15	76	0.197368421052632	"FABP5"	4	4
15	76	0.197368421052632	"PPIF"	4	3
15	76	0.197368421052632	"SERPINE1"	4	2
14	76	0.184210526315789	"TACC3"	4	8
14	76	0.184210526315789	"RBBP7"	4	8
14	76	0.184210526315789	"NEK2"	4	6
14	76	0.184210526315789	"CALM1"	4	6
14	76	0.184210526315789	"GMPS"	4	6
14	76	0.184210526315789	"EMP2"	4	5
14	76	0.184210526315789	"HMG20B"	4	5
14	76	0.184210526315789	"SMC3"	4	5
14	76	0.184210526315789	"HSPA9"	4	4
14	76	0.184210526315789	"NAA20"	4	4
14	76	0.184210526315789	"NUDC"	4	4
14	76	0.184210526315789	"RPL39L"	4	4
14	76	0.184210526315789	"PRKDC"	4	4
14	76	0.184210526315789	"CDCA4"	4	4
14	76	0.184210526315789	"HIST1H1A"	4	4
14	76	0.184210526315789	"HES6"	4	3
14	76	0.184210526315789	"SUPT16H"	4	3
13	76	0.171052631578947	"PTMS"	4	7
13	76	0.171052631578947	"VDAC3"	4	6
13	76	0.171052631578947	"PSMC3"	4	5
13	76	0.171052631578947	"ATP5G1"	4	5
13	76	0.171052631578947	"PSMA3"	4	5
13	76	0.171052631578947	"PGP"	4	5
13	76	0.171052631578947	"KIF2C"	4	5
13	76	0.171052631578947	"CARHSP1"	4	4
15	73	0.205479452054795	"GJA1"	5	2
14	73	0.191780821917808	"SCGB2A2"	5	5
12	73	0.164383561643836	"ARMT1"	5	4
12	73	0.164383561643836	"MAGED2"	5	3
12	73	0.164383561643836	"PIP"	5	3
11	73	0.150684931506849	"SCGB1D2"	5	4
11	73	0.150684931506849	"CLTC"	5	3
11	73	0.150684931506849	"MYBPC1"	5	3
11	73	0.150684931506849	"PDZK1"	5	2
10	73	0.136986301369863	"MGP"	5	5
10	73	0.136986301369863	"SLC39A6"	5	4
10	73	0.136986301369863	"CCND1"	5	3
10	73	0.136986301369863	"SLC9A3R1"	5	2
10	73	0.136986301369863	"NAT1"	5	2
9	73	0.123287671232877	"SUB1"	5	3
9	73	0.123287671232877	"CYP4X1"	5	2
9	73	0.123287671232877	"STC2"	5	2
9	73	0.123287671232877	"CROT"	5	2
8	73	0.10958904109589	"CTSD"	5	4
8	73	0.10958904109589	"FASN"	5	3
8	73	0.10958904109589	"PBX1"	5	3
8	73	0.10958904109589	"SLC4A7"	5	2
8	73	0.10958904109589	"FOXA1"	5	2
8	73	0.10958904109589	"MCCC2"	5	2
8	73	0.10958904109589	"IDH1"	5	2
8	73	0.10958904109589	"H2AFJ"	5	2
8	73	0.10958904109589	"CYP4Z1"	5	2
8	73	0.10958904109589	"IFI27"	5	2
8	73	0.10958904109589	"TBC1D9"	5	1
8	73	0.10958904109589	"ANPEP"	5	1
8	73	0.10958904109589	"DHRS2"	5	1
7	73	0.0958904109589041	"TFF3"	5	5
7	73	0.0958904109589041	"LGALS3BP"	5	4
7	73	0.0958904109589041	"GATA3"	5	4
7	73	0.0958904109589041	"LTF"	5	4
7	73	0.0958904109589041	"IFITM2"	5	3
7	73	0.0958904109589041	"IFITM1"	5	3
7	73	0.0958904109589041	"AHNAK"	5	3
7	73	0.0958904109589041	"SEPP1"	5	3
7	73	0.0958904109589041	"ACADSB"	5	2
7	73	0.0958904109589041	"PDCD4"	5	2
7	73	0.0958904109589041	"MUCL1"	5	2
7	73	0.0958904109589041	"CERS6"	5	2
7	73	0.0958904109589041	"LRRC26"	5	2
7	73	0.0958904109589041	"ASS1"	5	2
7	73	0.0958904109589041	"SEMA3C"	5	1
7	73	0.0958904109589041	"APLP2"	5	1
7	73	0.0958904109589041	"AMFR"	5	1
7	73	0.0958904109589041	"CDV3"	5	1
7	73	0.0958904109589041	"VTCN1"	5	1
7	73	0.0958904109589041	"PREX1"	5	1
7	73	0.0958904109589041	"TP53INP1"	5	1
7	73	0.0958904109589041	"LRIG1"	5	1
7	73	0.0958904109589041	"ANK3"	5	1
7	73	0.0958904109589041	"ACLY"	5	1
7	73	0.0958904109589041	"CLSTN1"	5	1
7	73	0.0958904109589041	"GNB1"	5	1
7	73	0.0958904109589041	"C1orf64"	5	1
7	73	0.0958904109589041	"STARD10"	5	1
6	73	0.0821917808219178	"CA12"	5	4
6	73	0.0821917808219178	"SCGB2A1"	5	4
6	73	0.0821917808219178	"MGST1"	5	4
6	73	0.0821917808219178	"PSAP"	5	4
6	73	0.0821917808219178	"GNAS"	5	3
6	73	0.0821917808219178	"MRPS30"	5	3
6	73	0.0821917808219178	"MSMB"	5	3
6	73	0.0821917808219178	"DDIT4"	5	3
6	73	0.0821917808219178	"TTC36"	5	3
6	73	0.0821917808219178	"S100A1"	5	3
6	73	0.0821917808219178	"FAM208B"	5	3
6	73	0.0821917808219178	"STT3B"	5	2
6	73	0.0821917808219178	"SLC38A1"	5	2
6	73	0.0821917808219178	"DMKN"	5	2
6	73	0.0821917808219178	"SEC14L2"	5	2
6	73	0.0821917808219178	"FMO5"	5	2
6	73	0.0821917808219178	"DCAF10"	5	2
6	73	0.0821917808219178	"WFDC2"	5	2
6	73	0.0821917808219178	"GFRA1"	5	2
6	73	0.0821917808219178	"LDLRAD4"	5	2
6	73	0.0821917808219178	"TXNIP"	5	2
6	73	0.0821917808219178	"SCGB3A1"	5	2
6	73	0.0821917808219178	"APOD"	5	2
6	73	0.0821917808219178	"N4BP2L2"	5	2
6	73	0.0821917808219178	"TNC"	5	2
6	73	0.0821917808219178	"ADIRF"	5	2
6	73	0.0821917808219178	"NPY1R"	5	2
6	73	0.0821917808219178	"NBPF1"	5	2
6	73	0.0821917808219178	"TMEM176A"	5	2
6	73	0.0821917808219178	"GLUL"	5	2
6	73	0.0821917808219178	"BMP2K"	5	1
6	73	0.0821917808219178	"SLC44A1"	5	1
6	73	0.0821917808219178	"GFPT1"	5	1
6	73	0.0821917808219178	"PSD3"	5	1
6	73	0.0821917808219178	"CCNG2"	5	1
6	73	0.0821917808219178	"CGNL1"	5	1
6	73	0.0821917808219178	"TMED7"	5	1
6	73	0.0821917808219178	"NOVA1"	5	1
6	73	0.0821917808219178	"ARCN1"	5	1
6	73	0.0821917808219178	"NEK10"	5	1
6	73	0.0821917808219178	"GPC6"	5	1
6	73	0.0821917808219178	"SCGB1B2P"	5	1
6	73	0.0821917808219178	"IGHG4"	5	1
6	73	0.0821917808219178	"SYT1"	5	1
5	73	0.0684931506849315	"SYNGR2"	5	4
5	73	0.0684931506849315	"HSPA1A"	5	4
5	73	0.0684931506849315	"ATP6AP1"	5	3
5	73	0.0684931506849315	"TSPAN13"	5	3
5	73	0.0684931506849315	"MT-ND2"	5	3
5	73	0.0684931506849315	"NIFK"	5	3
5	73	0.0684931506849315	"MT-ATP8"	5	3
5	73	0.0684931506849315	"MT-ATP6"	5	3
5	73	0.0684931506849315	"MT-CO3"	5	3
5	73	0.0684931506849315	"EVL"	5	3
5	73	0.0684931506849315	"GRN"	5	3
5	73	0.0684931506849315	"ERH"	5	3
5	73	0.0684931506849315	"CD81"	5	3
5	73	0.0684931506849315	"NUPR1"	5	3
5	73	0.0684931506849315	"SELENBP1"	5	3
5	73	0.0684931506849315	"C1orf56"	5	3
5	73	0.0684931506849315	"LMO3"	5	2
5	73	0.0684931506849315	"PLK2"	5	2
5	73	0.0684931506849315	"HACD3"	5	2
5	73	0.0684931506849315	"RBBP8"	5	2
5	73	0.0684931506849315	"CANX"	5	2
5	73	0.0684931506849315	"ENAH"	5	2
5	73	0.0684931506849315	"SCD"	5	2
5	73	0.0684931506849315	"CREB3L2"	5	2
5	73	0.0684931506849315	"SYNCRIP"	5	2
5	73	0.0684931506849315	"TBL1XR1"	5	2
5	73	0.0684931506849315	"DDR1"	5	2
5	73	0.0684931506849315	"ERBB3"	5	2
5	73	0.0684931506849315	"CHPT1"	5	2
5	73	0.0684931506849315	"BANF1"	5	2
5	73	0.0684931506849315	"UGDH"	5	2
5	73	0.0684931506849315	"SCUBE2"	5	2
5	73	0.0684931506849315	"UQCR10"	5	2
5	73	0.0684931506849315	"COX6C"	5	2
5	73	0.0684931506849315	"ATP5G1"	5	2
5	73	0.0684931506849315	"PRSS23"	5	2
5	73	0.0684931506849315	"MYEOV2"	5	2
5	73	0.0684931506849315	"PITX1"	5	2
5	73	0.0684931506849315	"MT-ND4L"	5	2
5	73	0.0684931506849315	"TPM1"	5	2
5	73	0.0684931506849315	"HMGCS2"	5	2
5	73	0.0684931506849315	"ADIPOR2"	5	2
5	73	0.0684931506849315	"UGCG"	5	2
5	73	0.0684931506849315	"FAM129B"	5	2
5	73	0.0684931506849315	"TNIP1"	5	2
5	73	0.0684931506849315	"IFI6"	5	2
5	73	0.0684931506849315	"CA2"	5	1
5	73	0.0684931506849315	"ESR1"	5	1
5	73	0.0684931506849315	"TMBIM4"	5	1
5	73	0.0684931506849315	"NFIX"	5	1
5	73	0.0684931506849315	"PDCD6IP"	5	1
5	73	0.0684931506849315	"CRIM1"	5	1
5	73	0.0684931506849315	"ARHGEF12"	5	1
5	73	0.0684931506849315	"ENTPD5"	5	1
5	73	0.0684931506849315	"PATZ1"	5	1
5	73	0.0684931506849315	"ZBTB41"	5	1
5	73	0.0684931506849315	"UCP1"	5	1
5	73	0.0684931506849315	"ANO1"	5	1
5	73	0.0684931506849315	"RP11-356O9.1"	5	1
5	73	0.0684931506849315	"MYB"	5	1
5	73	0.0684931506849315	"ZBTB44"	5	1
5	73	0.0684931506849315	"SCPEP1"	5	1
5	73	0.0684931506849315	"HIPK2"	5	1
5	73	0.0684931506849315	"CDK2AP1"	5	1
5	73	0.0684931506849315	"CYHR1"	5	1
5	73	0.0684931506849315	"SPINK8"	5	1
5	73	0.0684931506849315	"FKBP10"	5	1
5	73	0.0684931506849315	"ISOC1"	5	1
4	73	0.0547945205479452	"CD59"	5	4
4	73	0.0547945205479452	"RAMP1"	5	3
4	73	0.0547945205479452	"AFF3"	5	3
4	73	0.0547945205479452	"MT-CYB"	5	3
4	73	0.0547945205479452	"PPP1CB"	5	3
4	73	0.0547945205479452	"PKM"	5	3
4	73	0.0547945205479452	"ALDH2"	5	3
4	73	0.0547945205479452	"PRSS8"	5	3
4	73	0.0547945205479452	"NPW"	5	3
4	73	0.0547945205479452	"SPR"	5	3
4	73	0.0547945205479452	"PRDX3"	5	2
4	73	0.0547945205479452	"SCOC"	5	2
4	73	0.0547945205479452	"TMED10"	5	2
4	73	0.0547945205479452	"KIAA0196"	5	2
4	73	0.0547945205479452	"NDP"	5	2
4	73	0.0547945205479452	"ZSWIM7"	5	2
4	73	0.0547945205479452	"AP2A1"	5	2
4	73	0.0547945205479452	"PLAT"	5	2
4	73	0.0547945205479452	"SUSD3"	5	2
4	73	0.0547945205479452	"CRABP2"	5	2
4	73	0.0547945205479452	"DNAJC12"	5	2
4	73	0.0547945205479452	"DHCR24"	5	2
4	73	0.0547945205479452	"PPT1"	5	2
4	73	0.0547945205479452	"FAM234B"	5	2
4	73	0.0547945205479452	"DDX17"	5	2
4	73	0.0547945205479452	"LRP2"	5	2
4	73	0.0547945205479452	"ABCD3"	5	2
4	73	0.0547945205479452	"CDH1"	5	2
4	73	0.0547945205479452	"NFIA"	5	2
33	69	0.478260869565217	"AGR2"	6	7
29	69	0.420289855072464	"TFF3"	6	7
27	69	0.391304347826087	"SELM"	6	10
25	69	0.36231884057971	"CD63"	6	8
24	69	0.347826086956522	"CTSD"	6	9
24	69	0.347826086956522	"MDK"	6	7
24	69	0.347826086956522	"CD74"	6	6
23	69	0.333333333333333	"S100A13"	6	10
23	69	0.333333333333333	"IFITM3"	6	6
22	69	0.318840579710145	"HLA-B"	6	9
22	69	0.318840579710145	"AZGP1"	6	8
22	69	0.318840579710145	"FXYD3"	6	7
22	69	0.318840579710145	"IFITM2"	6	6
22	69	0.318840579710145	"RABAC1"	6	6
21	69	0.304347826086957	"S100A14"	6	7
21	69	0.304347826086957	"CRABP2"	6	7
21	69	0.304347826086957	"LTF"	6	6
20	69	0.289855072463768	"RARRES1"	6	8
20	69	0.289855072463768	"HLA-A"	6	8
20	69	0.289855072463768	"PPIB"	6	8
20	69	0.289855072463768	"HLA-C"	6	8
20	69	0.289855072463768	"S100A10"	6	8
20	69	0.289855072463768	"S100A9"	6	6
20	69	0.289855072463768	"TIMP1"	6	6
19	69	0.27536231884058	"DDIT4"	6	11
19	69	0.27536231884058	"S100A16"	6	9
19	69	0.27536231884058	"LGALS1"	6	8
19	69	0.27536231884058	"LAPTM4A"	6	8
19	69	0.27536231884058	"SSR4"	6	8
19	69	0.27536231884058	"S100A6"	6	8
19	69	0.27536231884058	"CD59"	6	7
19	69	0.27536231884058	"BST2"	6	6
19	69	0.27536231884058	"PDIA3"	6	6
19	69	0.27536231884058	"KRT19"	6	6
18	69	0.260869565217391	"CD9"	6	10
18	69	0.260869565217391	"FXYD5"	6	7
18	69	0.260869565217391	"SCGB2A2"	6	6
18	69	0.260869565217391	"NUCB2"	6	6
18	69	0.260869565217391	"TMED3"	6	6
18	69	0.260869565217391	"LY6E"	6	5
18	69	0.260869565217391	"CFD"	6	3
17	69	0.246376811594203	"ITM2B"	6	8
17	69	0.246376811594203	"PDZK1IP1"	6	7
17	69	0.246376811594203	"LGALS3"	6	7
17	69	0.246376811594203	"NUPR1"	6	7
17	69	0.246376811594203	"SLPI"	6	6
17	69	0.246376811594203	"CLU"	6	6
17	69	0.246376811594203	"TMED9"	6	6
17	69	0.246376811594203	"HLA-DRA"	6	6
17	69	0.246376811594203	"SPTSSB"	6	4
16	69	0.231884057971014	"TMEM59"	6	8
16	69	0.231884057971014	"KRT8"	6	7
16	69	0.231884057971014	"CALR"	6	6
16	69	0.231884057971014	"HLA-DRB1"	6	6
16	69	0.231884057971014	"IFI6"	6	5
16	69	0.231884057971014	"NNMT"	6	5
16	69	0.231884057971014	"CALML5"	6	5
16	69	0.231884057971014	"S100P"	6	4
16	69	0.231884057971014	"TFF1"	6	4
15	69	0.217391304347826	"ATP1B1"	6	8
15	69	0.217391304347826	"SPINT2"	6	8
15	69	0.217391304347826	"PDIA6"	6	7
15	69	0.217391304347826	"S100A8"	6	6
15	69	0.217391304347826	"HSP90B1"	6	6
15	69	0.217391304347826	"LMAN1"	6	6
15	69	0.217391304347826	"RARRES3"	6	6
15	69	0.217391304347826	"SELENBP1"	6	5
15	69	0.217391304347826	"CEACAM6"	6	4
15	69	0.217391304347826	"TMEM176A"	6	4
15	69	0.217391304347826	"EPCAM"	6	4
15	69	0.217391304347826	"MAGED2"	6	4
15	69	0.217391304347826	"SNCG"	6	3
14	69	0.202898550724638	"DUSP4"	6	7
14	69	0.202898550724638	"CD24"	6	7
14	69	0.202898550724638	"PERP"	6	6
14	69	0.202898550724638	"WFDC2"	6	6
14	69	0.202898550724638	"HM13"	6	6
14	69	0.202898550724638	"TMBIM6"	6	6
14	69	0.202898550724638	"C12orf57"	6	5
14	69	0.202898550724638	"DKK1"	6	5
14	69	0.202898550724638	"MAGED1"	6	4
14	69	0.202898550724638	"PYCARD"	6	4
14	69	0.202898550724638	"RAMP1"	6	3
14	69	0.202898550724638	"C11orf31"	6	3
14	69	0.202898550724638	"STOM"	6	3
13	69	0.188405797101449	"TNFSF10"	6	7
13	69	0.188405797101449	"BSG"	6	6
13	69	0.188405797101449	"TMED10"	6	6
13	69	0.188405797101449	"ASS1"	6	6
13	69	0.188405797101449	"PDLIM1"	6	5
13	69	0.188405797101449	"CST3"	6	5
13	69	0.188405797101449	"PDIA4"	6	5
13	69	0.188405797101449	"NDUFA4"	6	5
13	69	0.188405797101449	"GSTP1"	6	5
13	69	0.188405797101449	"TYMP"	6	5
13	69	0.188405797101449	"SH3BGRL3"	6	5
13	69	0.188405797101449	"PRSS23"	6	4
13	69	0.188405797101449	"P4HA1"	6	4
13	69	0.188405797101449	"MUC5B"	6	4
13	69	0.188405797101449	"S100A1"	6	3
12	69	0.173913043478261	"PSAP"	6	8
12	69	0.173913043478261	"TAGLN2"	6	7
12	69	0.173913043478261	"MGST3"	6	7
12	69	0.173913043478261	"PRDX5"	6	7
12	69	0.173913043478261	"SMIM22"	6	7
12	69	0.173913043478261	"NPC2"	6	6
12	69	0.173913043478261	"MESP1"	6	6
12	69	0.173913043478261	"MYDGF"	6	5
12	69	0.173913043478261	"ASAH1"	6	5
12	69	0.173913043478261	"APP"	6	5
12	69	0.173913043478261	"NGFRAP1"	6	5
12	69	0.173913043478261	"TMEM176B"	6	4
12	69	0.173913043478261	"C8orf4"	6	4
12	69	0.173913043478261	"KRT81"	6	4
12	69	0.173913043478261	"VIMP"	6	4
12	69	0.173913043478261	"CXCL17"	6	4
12	69	0.173913043478261	"MUC1"	6	4
12	69	0.173913043478261	"COMMD6"	6	4
12	69	0.173913043478261	"TSPAN13"	6	3
12	69	0.173913043478261	"TFPI"	6	3
12	69	0.173913043478261	"C15orf48"	6	3
11	69	0.159420289855072	"CD151"	6	7
11	69	0.159420289855072	"TACSTD2"	6	6
11	69	0.159420289855072	"PSME2"	6	6
11	69	0.159420289855072	"CLDN7"	6	6
11	69	0.159420289855072	"ATP6AP2"	6	6
11	69	0.159420289855072	"CUTA"	6	6
11	69	0.159420289855072	"MT2A"	6	5
11	69	0.159420289855072	"CYB5A"	6	5
11	69	0.159420289855072	"CD164"	6	5
11	69	0.159420289855072	"TM4SF1"	6	5
11	69	0.159420289855072	"SCGB1D2"	6	5
11	69	0.159420289855072	"GSTM3"	6	5
11	69	0.159420289855072	"EGLN3"	6	5
11	69	0.159420289855072	"LMAN2"	6	5
11	69	0.159420289855072	"IFI27"	6	4
11	69	0.159420289855072	"PPP1R1B"	6	4
11	69	0.159420289855072	"B2M"	6	4
11	69	0.159420289855072	"ANXA2"	6	4
11	69	0.159420289855072	"SARAF"	6	4
11	69	0.159420289855072	"MUCL1"	6	4
11	69	0.159420289855072	"CSRP1"	6	4
11	69	0.159420289855072	"NPW"	6	4
11	69	0.159420289855072	"SLC3A2"	6	4
11	69	0.159420289855072	"PYDC1"	6	4
11	69	0.159420289855072	"QSOX1"	6	4
11	69	0.159420289855072	"TSPAN1"	6	3
11	69	0.159420289855072	"GPX1"	6	3
11	69	0.159420289855072	"TMSB4X"	6	3
11	69	0.159420289855072	"FGG"	6	2
11	69	0.159420289855072	"GUK1"	6	2
10	69	0.144927536231884	"IL32"	6	7
10	69	0.144927536231884	"ATP6V0E1"	6	7
10	69	0.144927536231884	"BCAP31"	6	7
10	69	0.144927536231884	"CHCHD10"	6	7
10	69	0.144927536231884	"TSPO"	6	6
10	69	0.144927536231884	"TNFRSF12A"	6	6
10	69	0.144927536231884	"MT1X"	6	5
10	69	0.144927536231884	"PDE4B"	6	5
10	69	0.144927536231884	"HSPA5"	6	5
10	69	0.144927536231884	"SCD"	6	5
10	69	0.144927536231884	"SERINC2"	6	5
10	69	0.144927536231884	"PSCA"	6	5
10	69	0.144927536231884	"VAMP8"	6	5
10	69	0.144927536231884	"ELF3"	6	5
10	69	0.144927536231884	"TSC22D3"	6	5
10	69	0.144927536231884	"S100A7"	6	4
10	69	0.144927536231884	"GLUL"	6	4
10	69	0.144927536231884	"ZG16B"	6	4
10	69	0.144927536231884	"TMEM45A"	6	4
10	69	0.144927536231884	"APMAP"	6	4
10	69	0.144927536231884	"RPS26"	6	4
10	69	0.144927536231884	"CALU"	6	4
10	69	0.144927536231884	"OSTC"	6	4
10	69	0.144927536231884	"NCCRP1"	6	4
10	69	0.144927536231884	"SQLE"	6	4
10	69	0.144927536231884	"RPS28"	6	4
10	69	0.144927536231884	"SSR2"	6	4
10	69	0.144927536231884	"SOX4"	6	3
10	69	0.144927536231884	"CLEC3A"	6	2
10	69	0.144927536231884	"TMEM9"	6	2
10	69	0.144927536231884	"RPL10"	6	2
10	69	0.144927536231884	"MUC5AC"	6	2
9	69	0.130434782608696	"HLA-DPA1"	6	6
9	69	0.130434782608696	"ZNHIT1"	6	6
9	69	0.130434782608696	"AQP5"	6	5
9	69	0.130434782608696	"CAPG"	6	5
9	69	0.130434782608696	"SPINT1"	6	5
9	69	0.130434782608696	"NDFIP1"	6	5
9	69	0.130434782608696	"FKBP2"	6	5
9	69	0.130434782608696	"C1S"	6	5
9	69	0.130434782608696	"LDHA"	6	5
9	69	0.130434782608696	"NEAT1"	6	5
9	69	0.130434782608696	"RPL36A"	6	5
9	69	0.130434782608696	"S100A11"	6	5
9	69	0.130434782608696	"LCN2"	6	4
9	69	0.130434782608696	"TUBA1A"	6	4
9	69	0.130434782608696	"GSTK1"	6	4
9	69	0.130434782608696	"SEPW1"	6	4
9	69	0.130434782608696	"P4HB"	6	4
17	38	0.447368421052632	"KCNQ1OT1"	7	7
17	38	0.447368421052632	"AKAP9"	7	6
13	38	0.342105263157895	"RHOB"	7	4
12	38	0.315789473684211	"SOX4"	7	8
12	38	0.315789473684211	"VEGFA"	7	6
11	38	0.289473684210526	"CCNL1"	7	7
11	38	0.289473684210526	"RSRP1"	7	6
11	38	0.289473684210526	"RRBP1"	7	6
11	38	0.289473684210526	"ELF3"	7	4
11	38	0.289473684210526	"H1FX"	7	3
10	38	0.263157894736842	"FUS"	7	6
10	38	0.263157894736842	"NEAT1"	7	5
10	38	0.263157894736842	"N4BP2L2"	7	5
10	38	0.263157894736842	"SLC38A2"	7	5
10	38	0.263157894736842	"BRD2"	7	5
10	38	0.263157894736842	"PNISR"	7	4
10	38	0.263157894736842	"CLDN4"	7	3
9	38	0.236842105263158	"MALAT1"	7	5
9	38	0.236842105263158	"SOX9"	7	5
9	38	0.236842105263158	"DDIT3"	7	5
9	38	0.236842105263158	"TAF1D"	7	5
9	38	0.236842105263158	"FOSB"	7	5
9	38	0.236842105263158	"ZNF83"	7	5
9	38	0.236842105263158	"ARGLU1"	7	4
9	38	0.236842105263158	"DSC2"	7	4
9	38	0.236842105263158	"MACF1"	7	4
9	38	0.236842105263158	"GTF2I"	7	4
9	38	0.236842105263158	"SEPP1"	7	3
9	38	0.236842105263158	"ANKRD30A"	7	3
9	38	0.236842105263158	"PRLR"	7	3
9	38	0.236842105263158	"MAFB"	7	3
9	38	0.236842105263158	"NFIA"	7	3
8	38	0.210526315789474	"ZFAS1"	7	6
8	38	0.210526315789474	"MTRNR2L12"	7	5
8	38	0.210526315789474	"RNMT"	7	5
8	38	0.210526315789474	"NUPR1"	7	5
8	38	0.210526315789474	"MT-ND6"	7	4
8	38	0.210526315789474	"RBM39"	7	4
8	38	0.210526315789474	"HSPA1A"	7	4
8	38	0.210526315789474	"HSPA1B"	7	4
8	38	0.210526315789474	"RGS16"	7	4
8	38	0.210526315789474	"SUCO"	7	4
8	38	0.210526315789474	"XIST"	7	3
8	38	0.210526315789474	"PDIA6"	7	3
8	38	0.210526315789474	"VMP1"	7	3
8	38	0.210526315789474	"SUGP2"	7	3
8	38	0.210526315789474	"LPIN1"	7	2
7	38	0.184210526315789	"NDRG1"	7	4
7	38	0.184210526315789	"PRRC2C"	7	4
7	38	0.184210526315789	"CELF1"	7	4
7	38	0.184210526315789	"HSP90B1"	7	4
7	38	0.184210526315789	"JUND"	7	3
7	38	0.184210526315789	"ACADVL"	7	3
7	38	0.184210526315789	"PTPRF"	7	3
7	38	0.184210526315789	"LMAN1"	7	3
7	38	0.184210526315789	"HEBP2"	7	3
7	38	0.184210526315789	"ATF3"	7	3
7	38	0.184210526315789	"BTG1"	7	3
7	38	0.184210526315789	"GNAS"	7	3
7	38	0.184210526315789	"TSPYL2"	7	3
7	38	0.184210526315789	"ZFP36L2"	7	3
7	38	0.184210526315789	"RHOBTB3"	7	3
7	38	0.184210526315789	"TFAP2A"	7	3
7	38	0.184210526315789	"RAB6A"	7	3
7	38	0.184210526315789	"KMT2C"	7	3
7	38	0.184210526315789	"POLR2J3"	7	3
7	38	0.184210526315789	"CTNND1"	7	2
7	38	0.184210526315789	"PRRC2B"	7	2
7	38	0.184210526315789	"RNF43"	7	2
7	38	0.184210526315789	"CAV1"	7	2
7	38	0.184210526315789	"RSPO3"	7	2
7	38	0.184210526315789	"IMPA2"	7	2
7	38	0.184210526315789	"FAM84A"	7	2
6	38	0.157894736842105	"FOS"	7	5
6	38	0.157894736842105	"IGFBP5"	7	4
6	38	0.157894736842105	"NCOA3"	7	4
6	38	0.157894736842105	"WSB1"	7	4
6	38	0.157894736842105	"MBNL2"	7	4
6	38	0.157894736842105	"MMP24-AS1"	7	4
6	38	0.157894736842105	"DDX5"	7	4
6	38	0.157894736842105	"AP000769.1"	7	4
6	38	0.157894736842105	"MIA3"	7	4
6	38	0.157894736842105	"ID2"	7	4
6	38	0.157894736842105	"HNRNPH1"	7	4
6	38	0.157894736842105	"FKBP2"	7	4
6	38	0.157894736842105	"SEL1L"	7	4
6	38	0.157894736842105	"PSAT1"	7	4
6	38	0.157894736842105	"ASNS"	7	4
6	38	0.157894736842105	"SLC3A2"	7	4
6	38	0.157894736842105	"EIF4EBP1"	7	4
6	38	0.157894736842105	"HSPH1"	7	4
6	38	0.157894736842105	"SNHG19"	7	4
6	38	0.157894736842105	"RNF19A"	7	3
6	38	0.157894736842105	"GRHL1"	7	3
6	38	0.157894736842105	"WBP1"	7	3
6	38	0.157894736842105	"SRRM2"	7	3
6	38	0.157894736842105	"RUNX1"	7	3
6	38	0.157894736842105	"ASH1L"	7	3
6	38	0.157894736842105	"HIST1H4C"	7	3
6	38	0.157894736842105	"RBM25"	7	3
6	38	0.157894736842105	"ZNF292"	7	3
6	38	0.157894736842105	"RNF213"	7	3
6	38	0.157894736842105	"PRPF38B"	7	3
6	38	0.157894736842105	"DSP"	7	3
6	38	0.157894736842105	"EPC1"	7	3
6	38	0.157894736842105	"FNBP4"	7	3
6	38	0.157894736842105	"ETV6"	7	3
6	38	0.157894736842105	"SPAG9"	7	3
6	38	0.157894736842105	"SIAH2"	7	3
6	38	0.157894736842105	"RBM33"	7	3
6	38	0.157894736842105	"CAND1"	7	3
6	38	0.157894736842105	"CEBPB"	7	3
6	38	0.157894736842105	"CD44"	7	3
6	38	0.157894736842105	"NOC2L"	7	3
6	38	0.157894736842105	"LY6E"	7	2
6	38	0.157894736842105	"ANGPTL4"	7	2
6	38	0.157894736842105	"GABPB1-AS1"	7	2
6	38	0.157894736842105	"MTSS1"	7	2
6	38	0.157894736842105	"DDX42"	7	2
6	38	0.157894736842105	"PIK3C2G"	7	2
6	38	0.157894736842105	"IAH1"	7	2
6	38	0.157894736842105	"ATL2"	7	2
6	38	0.157894736842105	"ADAM17"	7	2
6	38	0.157894736842105	"PHIP"	7	2
6	38	0.157894736842105	"MPZ"	7	1
6	38	0.157894736842105	"CYP27A1"	7	1
6	38	0.157894736842105	"IER2"	7	1
6	38	0.157894736842105	"ACTR3B"	7	1
6	38	0.157894736842105	"PDCD4"	7	1
6	38	0.157894736842105	"COLCA1"	7	1
6	38	0.157894736842105	"KIAA1324"	7	1
6	38	0.157894736842105	"TFAP2C"	7	1
6	38	0.157894736842105	"CTSC"	7	1
5	38	0.131578947368421	"MYC"	7	4
5	38	0.131578947368421	"MT1X"	7	4
5	38	0.131578947368421	"VIMP"	7	4
5	38	0.131578947368421	"SERHL2"	7	3
5	38	0.131578947368421	"YPEL3"	7	3
5	38	0.131578947368421	"MKNK2"	7	3
5	38	0.131578947368421	"ZNF552"	7	3
5	38	0.131578947368421	"CDH1"	7	3
5	38	0.131578947368421	"LUC7L3"	7	3
5	38	0.131578947368421	"DDIT4"	7	3
5	38	0.131578947368421	"HNRNPR"	7	3
5	38	0.131578947368421	"IFRD1"	7	3
5	38	0.131578947368421	"RASSF7"	7	3
5	38	0.131578947368421	"SNHG8"	7	3
5	38	0.131578947368421	"EPB41L4A-AS1"	7	3
5	38	0.131578947368421	"ZC3H11A"	7	3
5	38	0.131578947368421	"SNHG15"	7	3
5	38	0.131578947368421	"CREB3L2"	7	3
5	38	0.131578947368421	"ERBB3"	7	3
5	38	0.131578947368421	"THUMPD3-AS1"	7	3
5	38	0.131578947368421	"RBBP6"	7	3
5	38	0.131578947368421	"GPBP1"	7	3
5	38	0.131578947368421	"NARF"	7	3
5	38	0.131578947368421	"SNRNP70"	7	3
5	38	0.131578947368421	"RP11-290D2.6"	7	3
5	38	0.131578947368421	"SAT1"	7	3
5	38	0.131578947368421	"GRB7"	7	3
5	38	0.131578947368421	"H1F0"	7	3
5	38	0.131578947368421	"EDEM3"	7	3
5	38	0.131578947368421	"KIAA0907"	7	3
5	38	0.131578947368421	"ATF4"	7	3
5	38	0.131578947368421	"DNAJC3"	7	3
5	38	0.131578947368421	"DKK1"	7	3
5	38	0.131578947368421	"SF1"	7	3
5	38	0.131578947368421	"NAMPT"	7	3
5	38	0.131578947368421	"SETD5"	7	3
5	38	0.131578947368421	"DYNC1H1"	7	3
5	38	0.131578947368421	"GOLGB1"	7	3
5	38	0.131578947368421	"C4orf48"	7	2
5	38	0.131578947368421	"CLIC3"	7	2
5	38	0.131578947368421	"TECR"	7	2
5	38	0.131578947368421	"HOOK3"	7	2
5	38	0.131578947368421	"WDR60"	7	2
5	38	0.131578947368421	"TMEM101"	7	2
5	38	0.131578947368421	"SYCP2"	7	2
5	38	0.131578947368421	"C6orf62"	7	2
5	38	0.131578947368421	"METTL12"	7	2
5	38	0.131578947368421	"HIST1H2BG"	7	2
5	38	0.131578947368421	"PCMTD1"	7	2
5	38	0.131578947368421	"PWWP2A"	7	2
5	38	0.131578947368421	"HIST1H3H"	7	2
5	38	0.131578947368421	"NCK1"	7	2
5	38	0.131578947368421	"CRACR2B"	7	2
5	38	0.131578947368421	"NPW"	7	2
5	38	0.131578947368421	"RAB3GAP1"	7	2
5	38	0.131578947368421	"TMEM63A"	7	2
5	38	0.131578947368421	"MGP"	7	2
5	38	0.131578947368421	"ANKRD17"	7	2
5	38	0.131578947368421	"CALD1"	7	2
5	38	0.131578947368421	"PRKAR1A"	7	2
5	38	0.131578947368421	"PBX1"	7	2
5	38	0.131578947368421	"ATXN2L"	7	2
5	38	0.131578947368421	"FAM120A"	7	2
5	38	0.131578947368421	"SAT2"	7	2
5	38	0.131578947368421	"TAF10"	7	2
5	38	0.131578947368421	"SFRP1"	7	2
5	38	0.131578947368421	"CITED2"	7	2
