Genes	CP-2987-AUS4_CE7MTANXX_1_TCCAACGC-TTGGACTT.CID-3941	CP-2989-AUS6_CE7MTANXX_7_TTACAGGA-TGACAAGC.CID-3948	CP-2993-AUS10_CE7MTANXX_8_CGTTAGAA-TTCAGGTC.CID-4067	CP-2994-AUS11_CE7AUANXX_4_AGCCTCAT-AGTAGAGA.CID-4290	CP-2995-AUS12_CE7AUANXX_5_GATTCTGC-GACGAGAG.CID-4398	CP-2996-AUS13_CE7AUANXX_7_TCGTAGTG-AGACTTGG.CID-4461	CP-2997-AUS14_CE7AUANXX_3_CTACGACA-GAGTCCAA.CID-4463	CP-2999-AUS16_CE7AUANXX_1_CGGACAAC-TCCGGATT.CID-4471	CP-3004-AUS21_CE7AUANXX_8_ATGGCATG-AAGGTACC.CID-4530	CP-3005-AUS22_CE7AUANXX_4_GCAATGCA-GGAACGTT.CID-4535	CP-3016-AUS6_CE7MTANXX_7_GCACGGAC-GTCTCGCA.CID-3948	CP-2991-AUS8_CE7AUANXX_1_AATGCCTC-TCGATCCA.CID4040
CDC20	6.980215	0	3.711538	3.756331	7.536617	7.253068	7.29336	4.548769	4.837263	6.533458	0	7.899113
KIF2C	7.324738	6.838295	7.080773	5.456771	8.643858	8.564271	7.795859	6.441854	6.559728	8.049096	5.702746	8.244248
PHGDH	7.121204	5.484658	7.336032	7.182597	8.506355	6.305534	8.262987	7.970234	8.828221	4.955121	7.965784	10.569244
CDCA1	7.831699	0	6.033466	6.400188	8.042406	8.212426	9.057125	5.828879	6.422225	7.824537	6.287709	8.584477
UBE2T	7.469132	0	6.650139	4.563684	6.939314	6.957613	6.91785	5.54877	5.215777	6.927105	0	7.818942
CENPF	12.444223	10.257247	10.569523	10.310921	11.318852	12.402059	12.28771	10.257115	10.760887	11.940302	11.084725	12.23944
EXO1	8.434365	5.774164	7.741286	6.926256	7.610692	9.149232	8.816922	7.496302	6.215774	8.629718	5.380822	8.777123
RRM2	9.6314	9.069622	8.868044	8.57651	10.589565	11.001955	11.228034	8.311271	7.373318	10.891305	10.046154	10.358544
MLPH	14.235738	11.032409	12.975982	14.096458	13.269898	13.632285	14.553495	12.814886	14.375453	15.091816	11.700495	12.549194
GPR160	11.708408	10.028976	11.496381	11.649492	11.998847	11.24992	11.585407	10.41384	11.614182	12.077222	10.794449	10.591649
CCNB1	8.451852	7.929442	7.881465	7.511219	8.610691	8.574994	9.747319	7.469335	7.348225	9.816923	8.666224	8.734056
CXXC5	11.007549	10.320357	11.184567	11.719227	11.13571	13.038309	12.924535	10.938632	10.993094	13.026173	11.039033	11.516208
PTTG1	6.934792	0	6.296501	5.215763	7.042408	7.616327	8.541287	5.91134	6.422222	8.616329	6.90438	7.907674
FGFR4	7.691521	0	6.296502	11.118276	9.115164	8.279539	8.937216	6.385273	4.32269	5.839647	0	8.417581
FOXC1	9.226558	6.899695	8.535968	8.385688	9.217846	8.463964	8.380822	10.103359	8.99915	7.299075	7.773139	7.798184
ESR1	13.485144	15.141876	16.08676	13.73897	14.887247	15.644269	15.805856	14.249458	13.681811	16.635752	15.310264	15.619197
ANLN	10.494667	9.936787	9.840826	8.843794	9.791756	10.771977	10.171923	9.489608	8.67521	9.962042	9.213712	10.033957
BLVRA	9.121206	8.972944	9.306488	8.456771	8.991782	9.788199	9.578762	9.07233	8.828217	10.19132	10.251183	9.522547
EGFR	12.278772	10.001232	11.111192	10.767559	12.790622	10.590937	10.105001	13.53452	12.031824	9.15555	10.802883	10.629238
ACTR3B	10.18752	7.314733	9.759243	9.851988	9.915728	9.661374	8.730574	9.294976	9.643934	8.965037	9.927717	8.967362
NAT1	13.936347	6.70705	13.258434	9.745016	13.329084	7.783581	12.683529	8.098967	10.631679	8.934164	7.380823	8.115924
SFRP1	13.25236	9.096092	10.665738	10.307078	12.426407	9.990034	9.956323	14.272309	12.530753	9.062039	8.666224	9.362081
MYC	12.195753	8.268927	8.813078	8.733612	11.62737	11.365459	10.80906	10.427916	11.246655	12.352056	7.93541	10.82665
BAG1	11.992691	9.412765	9.990766	9.733609	10.344296	11.305535	10.436319	9.434903	10.460779	11.704862	9.510104	9.457844
MELK	8.054092	6.314733	7.448503	6.756331	8.707988	9.029562	8.515751	6.870697	6.559731	9.016229	7.738374	9.274622
CEP55	8.486203	2.314733	8.126577	7.113885	8.62737	9.299082	8.541283	6.785809	7.373318	9.022866	5.84025	9.36914
MKI67	11.763313	9.221623	9.492897	9.767557	11.54637	12.256406	12.479061	10.012879	10.29012	12.729399	9.755863	12.670516
PGR	14.605511	13.841234	14.434348	10.819726	14.755231	11.232889	13.426931	12.293122	14.319064	13.225145	14.378705	13.246166
TMEM45B	7.631402	0	8.033467	11.093953	7.912346	6.305537	8.515753	5.989342	8.581424	6.612233	7.590275	8.011587
KRT5	11.834462	10.109152	9.4027	7.511218	11.647397	7.475459	9.873302	13.699949	10.066083	8.493083	10.619224	9.98631
MDM2	13.664631	13.051723	13.365272	13.276736	14.101629	14.296816	13.209721	13.184188	13.153043	14.093292	13.312328	12.789991
FOXA1	13.72876	13.127712	14.911008	14.641837	13.653051	13.385018	14.492419	12.826224	13.502956	14.384447	13.434744	13.57726
ORC6L	6.536244	0	7.336029	7.078261	7.991782	9.052768	6.61529	6.441855	6.644621	7.137324	0	8.304368
CDH3	9.755895	5.484658	5.126576	8.146972	8.573873	8.855731	6.956324	8.998797	8.613367	8.062037	3.965785	9.706319
ERBB2	13.103474	11.645651	12.053305	13.802526	12.884583	13.305428	13.729388	12.138917	12.862914	14.199439	11.561955	11.926534
GRB7	9.00755	7.444016	8.755933	10.228006	9.75428	9.226102	9.650913	8.167681	8.890371	10.569832	6.550743	8.471018
CDC6	7.398739	7.268929	6.98456	6.800725	8.29295	9.205537	8.134662	7.41384	6.270223	9.383965	7.840253	8.333515
KRT14	10.690028	8.380823	7.17097	6.800725	10.554165	6.180574	8.182841	12.387973	9.634052	7.404428	9.311558	8.858212
KRT17	11.060901	6.899695	8.411979	6.756331	11.13571	6.746107	9.055757	11.284267	9.916212	7.793841	5.84025	8.928064
MAPT	13.240303	11.233596	12.582932	10.814323	10.479048	8.697853	12.855602	9.529318	12.758323	13.603962	10.984446	9.661203
BIRC5	7.6314	7.221623	7.214038	5.843793	8.627371	9.965786	8.394898	7.16768	6.559729	9.718208	6.840252	9.107512
TYMS	9.084823	6.838295	8.46262	8.474661	9.569222	9.203577	9.236568	8.831389	8.488228	9.614948	8.740763	9.092541
KNTC2	7.164274	0	4.448506	5.078259	8.115163	7.627464	7.436318	5.828878	5.90765	7.383965	6.550744	7.244247
SLC39A6	16.03301	16.208413	15.226089	13.053247	14.895878	14.918409	15.364036	12.543935	14.091348	18.923424	16.407953	13.337116
BCL2	13.119838	12.710264	12.357801	11.37104	12.8595	13.188616	13.016738	12.521951	13.17978	13.628362	12.995531	12.507439
CCNE1	5.398739	0	4.448506	5.456771	5.354351	7.452376	6.030324	5.326377	5.422229	6.809271	4.380822	5.274622
MIA	4.661776	0	0	3.341293	4.769388	4.957611	3.293359	2.741415	5.100297	4.209899	0	5.390099
MYBL2	7.536242	4.899695	5.126577	5.563686	8.313708	9.463964	9.55389	5.91134	5.602798	10.019553	6.188173	11.319016
UBE2C	6.983702	0	5.448503	6.400188	7.707985	8.855732	9.656763	6.32638	6.515335	8.576609	7.666224	10.132601
MMP11	8.918547	7.964911	11.047485	12.45836	7.203335	10.205631	10.212224	6.732325	11.250032	9.226223	8.403053	11.388768
