Genes	CP-2998-AUS15_CE7AUANXX_4_TAAGTGGT-CTTAAGCC.CID-4465	CP-3000-AUS17_CE7AUANXX_7_ATATGGAT-CTGTATTA.CID-4495	CP-3001-AUS18_CE7AUANXX_6_GCGCAAGC-TCACGCCG.CID-4513	CP-3002-AUS19_CE7AUANXX_6_AAGATACT-ACTTACAT.CID-4515	CP-3003-AUS20_CE7AUANXX_5_GGAGCGTC-GTCCGTGC.CID-4523	CP-3006-AUS23_CE7AUANXX_2_GTTCCAAT-AATTCTGC.CID-44041	CP-3007-AUS24_CE7MTANXX_8_ACCTTGGC-GGCCTCAT.CID-44971	CP-2988-AUS5_CE7AUANXX_2_CCGTGAAG-CAGTGGAT.CID3946
CDC20	9.173005	9.978434	10.17448	9.162824	10.457661	8.81538	8.545094	8.143619
KIF2C	9.731551	9.566108	9.919806	9.389592	10.462296	9.065317	8.871999	9.705721
PHGDH	10.49327	10.890577	8.754406	10.556599	9.382573	8.89867	9.082038	8.878943
CDCA1	9.717612	9.705495	9.698479	9.28771	10.285589	10.13779	9.606811	10.111827
UBE2T	8.400343	7.951977	8.277727	7.798057	9.477638	7.765086	8.492412	7.365874
CENPF	13.944496	13.907366	13.27295	13.095571	13.554731	13.781478	13.365767	13.5737
EXO1	10.598433	10.356574	9.991609	9.496975	11.203268	9.838548	9.560798	9.327805
RRM2	11.599699	11.627998	12.631364	10.900544	12.191195	11.043294	10.960701	11.517312
MLPH	10.376884	6.620771	4.522841	10.116027	10.54104	10.178778	7.712801	6.173228
GPR160	10.275923	9.345422	8.90618	9.721127	8.805221	9.833423	8.613267	11.06836
CCNB1	9.712933	9.632358	10.458639	9.067665	11.167423	8.480362	8.613262	9.410264
CXXC5	11.378362	9.447931	10.649176	10.61666	10.369113	10.590779	9.788904	9.431962
PTTG1	9.060856	9.134181	10.275819	8.652627	10.465038	8.511942	9.025081	8.803278
FGFR4	7.174067	5.914503	6.802949	5.067664	6.601775	5.946926	5.265342	7.240343
FOXC1	12.571559	12.212505	9.215332	11.017623	10.311627	12.578581	11.680893	10.836194
ESR1	11.214331	10.64099	9.929805	10.512115	10.795378	11.214697	10.754279	10.346964
ANLN	12.577364	12.471516	13.310743	10.574017	13.190568	11.408081	9.850308	12.139562
BLVRA	9.082772	9.387674	10.920056	9.574015	10.110579	9.065316	7.091314	7.50883
EGFR	13.523601	11.793154	13.452154	13.025452	14.349469	12.840293	12.64117	10.181789
ACTR3B	9.748916	10.857919	9.100651	9.597799	10.242162	10.57607	10.929002	9.9794
NAT1	7.953941	6.8365	7.991611	7.280658	6.601774	6.908451	6.053841	6.48135
SFRP1	12.436958	12.901993	11.679105	13.93016	11.260289	13.882324	12.822024	14.317644
MYC	11.027347	13.337233	11.617107	12.45215	13.417326	11.575515	12.209987	10.955835
BAG1	10.588253	10.063179	9.028368	10.291229	12.276005	10.150207	9.632462	10.632659
MELK	10.855538	10.205735	10.821396	9.509097	10.471351	9.150209	9.748426	10.708688
CEP55	10.70589	10.573467	12.267674	10.119984	11.141268	9.291455	10.379557	11.382681
MKI67	14.28476	12.970356	15.313827	13.589441	14.293777	12.808829	13.177686	14.489563
PGR	9.153508	7.951977	6.692766	8.428414	6.802072	12.266954	9.613265	8.365873
TMEM45B	5.969711	5.754038	4.963413	6.56243	10.94956	7.22256	6.449766	4.950836
KRT5	10.100218	11.518451	6.496844	11.851913	13.570464	11.245799	12.970006	8.889437
MDM2	12.939275	14.494888	13.712085	13.741689	14.35878	13.075426	13.501959	13.059132
FOXA1	11.008389	9.109516	2.715486	6.85616	11.463983	10.01641	8.091313	9.129637
ORC6L	8.388661	9.158428	8.781575	9.389592	9.771698	9.664782	9.297765	10.047694
CDH3	10.909491	10.006427	7.310064	9.091835	11.536846	11.313707	9.645114	8.888886
ERBB2	12.234111	11.453902	11.144837	11.222017	12.553228	11.478636	11.960731	11.545577
GRB7	8.174068	8.221165	0	8.550747	9.217108	8.641512	8.053839	8.889436
CDC6	9.272695	9.213473	9.949105	8.956964	11.122668	8.399437	7.955659	8.857726
KRT14	8.638673	7.473929	4.037414	9.872508	12.845117	9.932382	8.762469	6.028836
KRT17	9.621071	7.280054	8.46356	8.902645	17.194044	10.038849	10.109693	10.181789
MAPT	8.253501	7.473932	7.344842	9.00055	6.404738	10.125264	9.248855	7.711649
BIRC5	11.536259	9.649571	10.203326	10.466214	10.680179	8.79703	8.127841	10.555697
TYMS	9.704056	10.710255	11.115368	9.848916	11.464778	9.893566	9.905059	11.048724
KNTC2	7.749926	9.109518	9.391441	9.503054	10.118647	8.519177	8.232177	9.522376
SLC39A6	12.470593	12.634519	12.316327	12.244853	13.988232	12.819886	12.866607	13.391013
BCL2	11.129141	14.545967	10.486975	12.213717	9.61704	12.497465	12.948019	10.838902
CCNE1	9.046059	9.251538	7.315399	7.000548	9.582462	6.399439	7.560799	7.240343
MIA	5.533608	4.8365	2.300448	6.608231	4.923104	7.426919	6.773132	7.267261
MYBL2	10.792661	10.273905	10.721106	10.181879	11.36686	9.447191	10.261237	9.588268
UBE2C	8.803698	9.573464	9.672589	9.026085	10.456576	9.11685	9.839332	8.792138
MMP11	12.249871	8.624211	11.138993	10.578548	7.155709	8.371422	7.686162	9.568814
