Genes	CP-2986-AUS3_CE7MTANXX_7_CTTGGTAT-CCAAGTCC.CID-3921	CP-2990-AUS7_CE7AUANXX_3_GGCATTCT-CTAGCTTG.CID-3963	CP-2985-AUS2_CE7AUANXX_8_GTCGGAGC-GGTTATAA.CID3838
CDC20	7.643859	8.984816	8.2032
KIF2C	5.491855	9.251782	8.310118
PHGDH	9.773141	10.212576	9.259846
CDCA1	6.965784	9.292014	9.086079
UBE2T	5.906891	7.654581	8.228818
CENPF	12.363591	13.928636	13.437142
EXO1	9.090114	9.782338	10.045103
RRM2	11.932954	10.45044	11.982932
MLPH	10.994354	10.596661	12.166052
GPR160	10.276128	8.407488	11.207008
CCNB1	8.491855	9.309088	9.651674
CXXC5	9.310615	10.973834	10.727626
PTTG1	7.228819	8.667878	8.027184
FGFR4	5.643858	4.707047	10.045108
FOXC1	9.377211	10.123694	9.002937
ESR1	10.43567	11.480894	10.49098
ANLN	11.559173	12.369336	11.377683
BLVRA	8.906892	9.499607	9.477846
EGFR	11.727071	13.397934	12.526384
ACTR3B	9.697661	9.953669	9.866308
NAT1	4.643859	7.543548	7.207758
SFRP1	9.906891	8.128511	12.508308
MYC	9.116347	11.096911	10.460143
BAG1	10.070123	9.899696	9.827652
MELK	8.430455	9.763883	9.785631
CEP55	10.076816	10.208031	10.827653
MKI67	11.925557	13.462892	13.455124
PGR	6.965784	6.221621	10.021162
TMEM45B	8.204574	6.600134	9.813781
KRT5	8.748194	12.507864	9.671285
MDM2	12.789298	12.777607	13.201751
FOXA1	12.555548	10.510719	13.589428
ORC6L	9.216747	8.865478	8.79272
CDH3	10.652845	12.510447	10.66715
ERBB2	16.833458	12.397883	17.45724
GRB7	13.044737	7.876974	13.215694
CDC6	9.264443	9.069623	12.148197
KRT14	0	6.192917	8.120295
KRT17	8.951286	9.627612	8.834539
MAPT	8.299208	8.454281	9.442222
BIRC5	7.409393	9.24842	9.651679
TYMS	8.596281	10.291432	9.784939
KNTC2	5.32193	9.536321	8.142662
SLC39A6	11.579318	12.537224	13.63944
BCL2	10.135712	10.387532	10.950017
CCNE1	5.78136	6.899693	7.120294
MIA	6.906891	5.707048	4.705256
MYBL2	8.388019	10.779276	10.571505
UBE2C	8.781361	9.965782	9.218324
MMP11	7.813781	10.98209	10.624695
